41.247557,-96.015859
41.247430,-96.015776
41.246869,-96.015740
41.246860,-96.015971
41.246312,-96.015946
41.245892,-96.015847
41.245460,-96.015638
41.244911,-96.015633
41.244915,-96.014624
41.243749,-96.014619
41.243746,-96.018856
41.242849,-96.018850
41.240057,-96.017551
41.238152,-96.016483
41.237878,-96.017706
41.237434,-96.017491
41.236764,-96.016955
41.236256,-96.016837
41.235849,-96.016861
41.235179,-96.016260
41.236240,-96.014416
41.235609,-96.013162
41.235270,-96.013613
41.236061,-96.014664
41.235179,-96.016260
41.235849,-96.016861
41.236256,-96.016837
41.236764,-96.016955
41.237434,-96.017491
41.237878,-96.017706
41.238152,-96.016483
41.240057,-96.017551
41.242849,-96.018850
41.243746,-96.018856
41.243749,-96.014619
41.244915,-96.014624
41.245875,-96.014989
41.246327,-96.015139
41.247513,-96.015193
41.247771,-96.015365
41.247557,-96.015859 